0 0.337890625 0.21826171875 0.12630208333333334 0.0380859375
0 0.3678385416666667 0.18994140625 0.14453125 0.0283203125
0 0.392578125 0.34228515625 0.11848958333333333 0.0341796875
0 0.4016927083333333 0.1259765625 0.11848958333333333 0.03125
0 0.4147135416666667 0.41748046875 0.14192708333333334 0.0380859375
0 0.3997395833333333 0.14208984375 0.109375 0.0322265625
0 0.4186197916666667 0.10009765625 0.13932291666666666 0.0302734375
0 0.453125 0.263671875 0.1796875 0.03515625
0 0.4563802083333333 0.22509765625 0.17317708333333334 0.0380859375
0 0.4407552083333333 0.36767578125 0.12109375 0.0341796875
0 0.4850260416666667 0.1806640625 0.16276041666666666 0.017578125
0 0.6087239583333334 0.787109375 0.24088541666666666 0.111328125
0 0.5305989583333334 0.1396484375 0.07161458333333333 0.021484375
0 0.5455729166666666 0.0966796875 0.09114583333333333 0.01953125
0 0.6223958333333334 0.51318359375 0.18229166666666666 0.0615234375
0 0.5735677083333334 0.07568359375 0.061197916666666664 0.0185546875
0 0.5813802083333334 0.0478515625 0.05859375 0.013671875
0 0.6555989583333334 0.3623046875 0.13411458333333334 0.033203125
0 0.6490885416666666 0.2568359375 0.10807291666666667 0.025390625
0 0.6588541666666666 0.3017578125 0.12760416666666666 0.029296875
0 0.6490885416666666 0.21630859375 0.10286458333333333 0.0205078125
0 0.64453125 0.111328125 0.07552083333333333 0.01953125
0 0.646484375 0.1181640625 0.07942708333333333 0.01953125
0 0.6692708333333334 0.18212890625 0.09895833333333333 0.0166015625
0 0.6614583333333334 0.08984375 0.07291666666666667 0.013671875
0 0.673828125 0.16357421875 0.08463541666666667 0.0126953125
0 0.6751302083333334 0.14013671875 0.08203125 0.0224609375
0 0.6790364583333334 0.4189453125 0.08723958333333333 0.064453125
0 0.6751302083333334 0.12939453125 0.07682291666666667 0.0205078125
0 0.6803385416666666 0.04638671875 0.06640625 0.0185546875
0 0.685546875 0.06787109375 0.06640625 0.0166015625
0 0.7747395833333334 0.11865234375 0.0859375 0.0205078125
0 0.7864583333333334 0.08056640625 0.10416666666666667 0.0224609375
0 0.7786458333333334 0.02587890625 0.06510416666666667 0.0126953125
0 0.7942708333333334 0.04833984375 0.0703125 0.0146484375
0 0.8313802083333334 0.2294921875 0.12109375 0.029296875
0 0.8268229166666666 0.16845703125 0.10677083333333333 0.0166015625
0 0.8079427083333334 0.05322265625 0.04296875 0.0185546875
0 0.8404947916666666 0.19140625 0.10286458333333333 0.025390625
0 0.8658854166666666 0.28125 0.15104166666666666 0.033203125
0 0.8776041666666666 0.33349609375 0.16927083333333334 0.0341796875
0 0.89453125 0.3759765625 0.171875 0.041015625
0 0.9186197916666666 0.41064453125 0.15494791666666666 0.0419921875
0 0.9388020833333334 0.81298828125 0.11979166666666667 0.1005859375
0 0.9388020833333334 0.5263671875 0.11979166666666667 0.0546875
