0 0.07275390625 0.3157894736842105 0.1455078125 0.30030959752321984
0 0.12353515625 0.6176470588235294 0.1220703125 0.26006191950464397
0 0.20263671875 0.7886996904024768 0.1611328125 0.18111455108359134
0 0.212890625 0.5735294117647058 0.1015625 0.23374613003095976
0 0.32861328125 0.8962848297213623 0.1982421875 0.2043343653250774
0 0.29443359375 0.5410216718266254 0.0771484375 0.2089783281733746
0 0.33154296875 0.7004643962848297 0.1162109375 0.14705882352941177
0 0.36865234375 0.5232198142414861 0.0712890625 0.19504643962848298
0 0.44091796875 0.6679566563467493 0.0927734375 0.12538699690402477
0 0.4384765625 0.5131578947368421 0.0625 0.18421052631578946
0 0.48583984375 0.8769349845201239 0.1162109375 0.24303405572755418
0 0.51171875 0.5092879256965944 0.0625 0.1826625386996904
0 0.5478515625 0.6702786377708978 0.083984375 0.13003095975232198
0 0.57373046875 0.5178018575851393 0.0712890625 0.18111455108359134
0 0.64013671875 0.8869969040247678 0.1689453125 0.22291021671826625
0 0.6396484375 0.5309597523219814 0.076171875 0.19195046439628483
0 0.65234375 0.7074303405572755 0.1015625 0.14860681114551083
0 0.6533203125 0.35835913312693496 0.087890625 0.17182662538699692
0 0.71533203125 0.5518575851393189 0.0830078125 0.20278637770897834
0 0.78955078125 0.7840557275541795 0.1611328125 0.16873065015479877
0 0.79443359375 0.5882352941176471 0.1025390625 0.23529411764705882
0 0.88427734375 0.6339009287925697 0.1259765625 0.2708978328173375
0 0.93701171875 0.3320433436532508 0.1142578125 0.28637770897832815
