0 0.10400390625 0.5804289544235925 0.0888671875 0.48525469168900803
0 0.1943359375 0.5750670241286864 0.0703125 0.4906166219839142
0 0.2529296875 0.5777479892761395 0.03125 0.4959785522788204
0 0.30859375 0.5764075067024129 0.06640625 0.4932975871313673
0 0.3916015625 0.5737265415549598 0.08984375 0.46648793565683644
0 0.48974609375 0.5737265415549598 0.0849609375 0.4718498659517426
0 0.591796875 0.579088471849866 0.091796875 0.4718498659517426
0 0.68701171875 0.579088471849866 0.0927734375 0.4718498659517426
0 0.78515625 0.5750670241286864 0.08984375 0.46380697050938335
0 0.888671875 0.5804289544235925 0.087890625 0.48525469168900803
