0 0.1328125 0.1282442748091603 0.119140625 0.21068702290076335
0 0.25 0.24885496183206107 0.189453125 0.2778625954198473
0 0.3056640625 0.3 0.060546875 0.08396946564885496
0 0.38916015625 0.3893129770992366 0.2275390625 0.16793893129770993
0 0.48828125 0.8015267175572519 0.125 0.36946564885496186
0 0.65380859375 0.2687022900763359 0.2275390625 0.09465648854961832
0 0.66357421875 0.533587786259542 0.2392578125 0.0900763358778626
0 0.66943359375 0.5061068702290077 0.2294921875 0.06870229007633588
0 0.67138671875 0.7938931297709924 0.1318359375 0.3755725190839695
0 0.86328125 0.8282442748091603 0.12890625 0.3251908396946565
0 0.9150390625 0.24427480916030533 0.16796875 0.04580152671755725
0 0.875 0.48091603053435117 0.0703125 0.04885496183206107
0 0.95263671875 0.4954198473282443 0.0927734375 0.06564885496183206
