0 0.21826171875 0.8235294117647058 0.0908203125 0.21470588235294116
0 0.27734375 0.6514705882352941 0.0703125 0.16470588235294117
0 0.3046875 0.9698529411764706 0.0390625 0.057352941176470586
0 0.3310546875 0.47058823529411764 0.044921875 0.1264705882352941
0 0.3525390625 0.7507352941176471 0.04296875 0.125
0 0.3515625 0.42426470588235293 0.0390625 0.1161764705882353
0 0.3759765625 0.6830882352941177 0.0390625 0.12794117647058822
0 0.3984375 0.21176470588235294 0.03515625 0.06470588235294118
0 0.50439453125 0.8220588235294117 0.2158203125 0.35294117647058826
0 0.48486328125 0.3830882352941177 0.0341796875 0.09264705882352942
0 0.70068359375 0.75 0.1513671875 0.31470588235294117
0 0.7548828125 0.32941176470588235 0.044921875 0.07058823529411765
0 0.86328125 0.32573529411764707 0.013671875 0.03676470588235294
