0 0.677734375 0.52490234375 0.2265625 0.3095703125
0 0.0693359375 0.69140625 0.138671875 0.12890625
0 0.1162109375 0.63671875 0.1484375 0.12109375
0 0.24658203125 0.81884765625 0.2626953125 0.2880859375
0 0.2705078125 0.47900390625 0.119140625 0.1298828125
0 0.4208984375 0.6826171875 0.283203125 0.328125
0 0.34228515625 0.45751953125 0.1162109375 0.1220703125
0 0.51904296875 0.3203125 0.1123046875 0.11328125
0 0.59619140625 0.30810546875 0.1083984375 0.1123046875
0 0.826171875 0.58203125 0.1328125 0.14453125
0 0.89306640625 0.56787109375 0.1201171875 0.1357421875
0 0.9287109375 0.35546875 0.138671875 0.2265625
0 0.94677734375 0.5537109375 0.1025390625 0.1328125
0 0.978515625 0.515625 0.0390625 0.068359375
