0 0.1220703125 0.7463235294117647 0.087890625 0.21029411764705883
0 0.21923828125 0.7647058823529411 0.0849609375 0.1676470588235294
0 0.35205078125 0.7360294117647059 0.0966796875 0.07205882352941176
0 0.44580078125 0.7551470588235294 0.0439453125 0.14852941176470588
0 0.53857421875 0.7419117647058824 0.0537109375 0.1338235294117647
0 0.62255859375 0.7404411764705883 0.0556640625 0.1426470588235294
0 0.70556640625 0.31985294117647056 0.1044921875 0.1514705882352941
0 0.72265625 0.2610294117647059 0.080078125 0.2073529411764706
0 0.7705078125 0.21764705882352942 0.068359375 0.22941176470588234
0 0.837890625 0.15441176470588236 0.12890625 0.23529411764705882
0 0.8916015625 0.20661764705882352 0.177734375 0.2691176470588235
