0 0.16943359375 0.7012678288431062 0.1044921875 0.26148969889064977
0 0.08544921875 0.6988906497622821 0.0849609375 0.2820919175911252
0 0.2685546875 0.7194928684627575 0.09765625 0.29160063391442154
0 0.3623046875 0.7210776545166403 0.09375 0.294770206022187
0 0.443359375 0.8153724247226625 0.1171875 0.36608557844690964
0 0.56103515625 0.8137876386687797 0.1181640625 0.3692551505546751
0 0.63427734375 0.7099841521394612 0.0947265625 0.2884310618066561
0 0.728515625 0.713946117274168 0.08984375 0.2931854199683043
0 0.8115234375 0.6862123613312203 0.0859375 0.27892234548335976
0 0.90087890625 0.6862123613312203 0.0888671875 0.27892234548335976
