0 0.58203125 0.530949105914718 0.212890625 0.2613480055020633
0 0.025390625 0.06671251719394773 0.05078125 0.05639614855570839
0 0.10009765625 0.1279229711141678 0.0869140625 0.07977991746905089
0 0.25390625 0.22764786795048142 0.119140625 0.11416781292984869
0 0.4345703125 0.08459422283356259 0.013671875 0.06464924346629987
0 0.451171875 0.09972489683631362 0.005859375 0.02888583218707015
0 0.4599609375 0.10385144429160935 0.0078125 0.02888583218707015
0 0.470703125 0.11072902338376892 0.009765625 0.0343878954607978
0 0.5625 0.015130674002751032 0.01953125 0.030261348005502064
0 0.568359375 0.13411279229711143 0.01953125 0.06740027510316368
0 0.591796875 0.019944979367262722 0.01953125 0.039889958734525444
0 0.59521484375 0.14167812929848694 0.0224609375 0.06602475928473177
0 0.673828125 0.04126547455295736 0.06640625 0.02200825309491059
