0 0.59130859375 0.47053726169844023 0.2939453125 0.43847487001733104
0 0.021484375 0.6975736568457539 0.04296875 0.08492201039861352
0 0.03271484375 0.7383015597920277 0.0654296875 0.07972270363951472
0 0.05908203125 0.791161178509532 0.1181640625 0.1854419410745234
0 0.02685546875 0.2027729636048527 0.0517578125 0.03466204506065858
0 0.03369140625 0.6646447140381283 0.0361328125 0.03292894280762565
0 0.05126953125 0.18977469670710573 0.0498046875 0.036395147313691506
0 0.103515625 0.6577123050259965 0.12109375 0.09532062391681109
0 0.07421875 0.17850953206239167 0.052734375 0.02772963604852686
0 0.140625 0.6880415944540728 0.099609375 0.12131715771230503
0 0.29248046875 0.9601386481802426 0.1240234375 0.07625649913344887
0 0.365234375 0.9688041594454073 0.0859375 0.058925476603119586
0 0.390625 0.9306759098786829 0.1015625 0.08665511265164645
0 0.4326171875 0.24870017331022531 0.076171875 0.05719237435008666
0 0.4697265625 0.9107452339688041 0.138671875 0.17504332755632582
0 0.52685546875 0.9280762564991335 0.1279296875 0.14038128249566725
0 0.60400390625 0.9445407279029463 0.1123046875 0.10745233968804159
0 0.673828125 0.9575389948006933 0.09375 0.08145580589254767
0 0.83544921875 0.9315424610051993 0.1025390625 0.13344887348353554
0 0.91015625 0.9532062391681109 0.08984375 0.09012131715771231
