0 0.32861328125 0.5638020833333334 0.0517578125 0.0234375
0 0.3369140625 0.5859375 0.064453125 0.033854166666666664
0 0.37109375 0.6158854166666666 0.0703125 0.049479166666666664
0 0.3759765625 0.3509114583333333 0.05078125 0.055989583333333336
0 0.40185546875 0.3671875 0.0595703125 0.020833333333333332
0 0.42431640625 0.734375 0.0849609375 0.0546875
0 0.423828125 0.4986979166666667 0.060546875 0.03125
0 0.462890625 0.7727864583333334 0.087890625 0.06380208333333333
0 0.4326171875 0.341796875 0.021484375 0.02734375
0 0.4609375 0.5338541666666666 0.068359375 0.028645833333333332
0 0.4990234375 0.841796875 0.107421875 0.06901041666666667
0 0.466796875 0.3522135416666667 0.0234375 0.037760416666666664
0 0.5107421875 0.5774739583333334 0.0703125 0.045572916666666664
0 0.54736328125 0.91796875 0.1181640625 0.09375
0 0.53857421875 0.6119791666666666 0.0849609375 0.041666666666666664
0 0.5869140625 0.6927083333333334 0.087890625 0.0625
0 0.63623046875 0.9817708333333334 0.0830078125 0.033854166666666664
0 0.646484375 0.748046875 0.087890625 0.07682291666666667
0 0.6904296875 0.865234375 0.09765625 0.08203125
0 0.76953125 0.94140625 0.107421875 0.09114583333333333
0 0.7666015625 0.666015625 0.05859375 0.03515625
