0 0.12353515625 0.859375 0.2470703125 0.2786458333333333
0 0.158203125 0.4375 0.31640625 0.421875
0 0.1416015625 0.053385416666666664 0.25 0.10416666666666667
0 0.1962890625 0.62890625 0.310546875 0.4088541666666667
0 0.1904296875 0.17643229166666666 0.201171875 0.13411458333333334
0 0.29345703125 0.9069010416666666 0.1748046875 0.18359375
0 0.52099609375 0.23567708333333334 0.4970703125 0.4713541666666667
0 0.52197265625 0.7350260416666666 0.4541015625 0.3268229166666667
0 0.54052734375 0.6184895833333334 0.4892578125 0.3776041666666667
0 0.46923828125 0.923828125 0.2666015625 0.14973958333333334
0 0.681640625 0.7981770833333334 0.486328125 0.3671875
0 0.654296875 0.039713541666666664 0.279296875 0.07682291666666667
0 0.7900390625 0.4010416666666667 0.32421875 0.4817708333333333
0 0.81884765625 0.3997395833333333 0.2802734375 0.4765625
0 0.8427734375 0.3541666666666667 0.302734375 0.234375
0 0.861328125 0.10807291666666667 0.275390625 0.21614583333333334
0 0.9296875 0.7154947916666666 0.138671875 0.4778645833333333
