0 0.55859375 0.6734539969834088 0.21875 0.4841628959276018
0 0.388671875 0.7858220211161387 0.11328125 0.10256410256410256
0 0.38623046875 0.6546003016591252 0.1064453125 0.12368024132730016
0 0.39306640625 0.9177978883861236 0.1181640625 0.14027149321266968
0 0.39794921875 0.5354449472096531 0.1044921875 0.1478129713423831
0 0.421875 0.4306184012066365 0.10546875 0.1493212669683258
0 0.44873046875 0.358974358974359 0.0986328125 0.16591251885369532
0 0.47900390625 0.2918552036199095 0.0849609375 0.16138763197586728
0 0.7646484375 0.8122171945701357 0.26171875 0.37254901960784315
0 0.77490234375 0.5354449472096531 0.1435546875 0.22624434389140272
0 0.9052734375 0.504524886877828 0.1015625 0.2579185520361991
