0 0.07470703125 0.5086021505376344 0.1123046875 0.13978494623655913
0 0.0390625 0.6279569892473118 0.037109375 0.06451612903225806
0 0.05078125 0.7080645161290322 0.0390625 0.07419354838709677
0 0.04833984375 0.7956989247311828 0.0302734375 0.08817204301075268
0 0.076171875 0.6241935483870967 0.03515625 0.07849462365591398
0 0.08203125 0.7053763440860215 0.037109375 0.08387096774193549
0 0.0888671875 0.7967741935483871 0.03125 0.07741935483870968
0 0.11962890625 0.7118279569892473 0.0380859375 0.08172043010752689
0 0.12060546875 0.625268817204301 0.0361328125 0.07204301075268817
0 0.1279296875 0.793010752688172 0.033203125 0.08064516129032258
0 0.1884765625 0.5069892473118279 0.107421875 0.14301075268817204
0 0.15380859375 0.7102150537634409 0.0302734375 0.08279569892473118
0 0.1640625 0.624731182795699 0.044921875 0.07956989247311828
0 0.16552734375 0.7806451612903226 0.0361328125 0.07096774193548387
0 0.19970703125 0.6225806451612903 0.0478515625 0.08387096774193549
0 0.1982421875 0.7080645161290322 0.03515625 0.07419354838709677
0 0.19970703125 0.7833333333333333 0.0380859375 0.07634408602150537
0 0.23193359375 0.7075268817204301 0.0380859375 0.07311827956989247
0 0.24169921875 0.6225806451612903 0.0517578125 0.08387096774193549
0 0.24267578125 0.7838709677419354 0.0400390625 0.06881720430107527
0 0.29541015625 0.5032258064516129 0.1025390625 0.13548387096774195
0 0.267578125 0.7016129032258065 0.03125 0.06129032258064516
0 0.27978515625 0.624731182795699 0.0400390625 0.07741935483870968
0 0.2841796875 0.7897849462365591 0.044921875 0.06989247311827956
0 0.29833984375 0.7139784946236559 0.0341796875 0.07096774193548387
0 0.318359375 0.6166666666666667 0.044921875 0.08494623655913978
0 0.333984375 0.7290322580645161 0.037109375 0.07526881720430108
0 0.35791015625 0.6220430107526882 0.0439453125 0.08279569892473118
0 0.37255859375 0.7333333333333333 0.0419921875 0.07096774193548387
0 0.40478515625 0.5026881720430108 0.0966796875 0.14516129032258066
0 0.39404296875 0.6231182795698925 0.0419921875 0.07634408602150537
0 0.42236328125 0.7220430107526882 0.0419921875 0.07849462365591398
0 0.42919921875 0.6172043010752688 0.0498046875 0.08387096774193549
0 0.46337890625 0.7338709677419355 0.0400390625 0.07849462365591398
0 0.4892578125 0.6279569892473118 0.06640625 0.11827956989247312
0 0.51025390625 0.49408602150537634 0.1025390625 0.13655913978494624
0 0.50732421875 0.7349462365591398 0.0341796875 0.07634408602150537
0 0.55078125 0.7387096774193549 0.04296875 0.08387096774193549
0 0.5634765625 0.6263440860215054 0.068359375 0.11505376344086021
0 0.59912109375 0.4790322580645161 0.0673828125 0.110752688172043
0 0.58642578125 0.7376344086021506 0.0322265625 0.07526881720430108
0 0.634765625 0.6129032258064516 0.072265625 0.12043010752688173
0 0.6328125 0.7344086021505376 0.0390625 0.08172043010752689
0 0.67236328125 0.4801075268817204 0.0712890625 0.11290322580645161
0 0.67822265625 0.739247311827957 0.0458984375 0.07849462365591398
0 0.7119140625 0.6112903225806452 0.0703125 0.11720430107526882
0 0.73095703125 0.7354838709677419 0.0400390625 0.07956989247311828
0 0.75146484375 0.4817204301075269 0.0712890625 0.11612903225806452
0 0.7890625 0.610752688172043 0.078125 0.11827956989247312
0 0.78173828125 0.7231182795698925 0.0517578125 0.08709677419354839
0 0.849609375 0.35161290322580646 0.140625 0.1010752688172043
0 0.82666015625 0.4838709677419355 0.0732421875 0.11397849462365592
0 0.8291015625 0.7225806451612903 0.04296875 0.07526881720430108
0 0.8642578125 0.6166666666666667 0.080078125 0.11290322580645161
0 0.880859375 0.7290322580645161 0.041015625 0.07311827956989247
0 0.888671875 0.4559139784946237 0.056640625 0.08602150537634409
0 0.91552734375 0.5263440860215054 0.0830078125 0.04408602150537634
0 0.92578125 0.725268817204301 0.04296875 0.07634408602150537
0 0.943359375 0.6112903225806452 0.076171875 0.1043010752688172
0 0.939453125 0.4559139784946237 0.048828125 0.07956989247311828
0 0.9716796875 0.7215053763440861 0.03515625 0.07741935483870968
