0 0.294921875 0.6343612334801763 0.095703125 0.23201174743024963
0 0.00830078125 0.5947136563876652 0.0166015625 0.10572687224669604
0 0.0400390625 0.55359765051395 0.078125 0.17033773861967694
0 0.10009765625 0.5315712187958884 0.0810546875 0.16152716593245228
0 0.13134765625 0.2525697503671072 0.0908203125 0.20851688693098386
0 0.21923828125 0.49045521292217326 0.1181640625 0.19970631424375918
0 0.44287109375 0.48091042584434657 0.0341796875 0.19530102790014683
0 0.47900390625 0.8737151248164464 0.0849609375 0.23494860499265785
0 0.4833984375 0.4853157121879589 0.0390625 0.20998531571218795
0 0.52783203125 0.4897209985315712 0.0537109375 0.21879588839941264
0 0.5830078125 0.4948604992657856 0.064453125 0.24963289280469897
0 0.6435546875 0.4977973568281938 0.0703125 0.27312775330396477
0 0.72265625 0.5044052863436124 0.087890625 0.3010279001468429
0 0.818359375 0.5161527165932452 0.111328125 0.3274596182085169
0 0.9345703125 0.5330396475770925 0.12890625 0.3788546255506608
