1 0.72900390625 0.35651537335285505 0.3564453125 0.5812591508052709
1 0.11181640625 0.43265007320644217 0.0244140625 0.024890190336749635
1 0.19140625 0.44363103953147875 0.046875 0.055636896046852125
1 0.2607421875 0.4128843338213763 0.01171875 0.03513909224011713
1 0.26953125 0.38799414348462663 0.021484375 0.06734992679355783
1 0.330078125 0.33601756954612005 0.0859375 0.13616398243045388
1 0.384765625 0.4267935578330893 0.01171875 0.03074670571010249
1 0.41845703125 0.4224011713030747 0.0146484375 0.027818448023426062
1 0.4560546875 0.4773060029282577 0.0390625 0.09663250366032211
1 0.44921875 0.4267935578330893 0.01171875 0.01903367496339678
1 0.48583984375 0.4238653001464129 0.0302734375 0.0629575402635432
