0 0.24462890625 0.6490885416666666 0.0224609375 0.022135416666666668
0 0.2568359375 0.6490885416666666 0.021484375 0.02734375
0 0.3662109375 0.6204427083333334 0.099609375 0.17838541666666666
0 0.43310546875 0.5625 0.0810546875 0.13802083333333334
0 0.4931640625 0.580078125 0.087890625 0.09244791666666667
0 0.52978515625 0.5384114583333334 0.0947265625 0.13411458333333334
0 0.701171875 0.5240885416666666 0.099609375 0.16276041666666666
0 0.7578125 0.18880208333333334 0.052734375 0.059895833333333336
0 0.814453125 0.3802083333333333 0.126953125 0.1640625
0 0.814453125 0.158203125 0.033203125 0.032552083333333336
0 0.8623046875 0.150390625 0.037109375 0.03515625
0 0.86572265625 0.390625 0.0439453125 0.07552083333333333
0 0.95703125 0.3580729166666667 0.083984375 0.109375
0 0.97119140625 0.3209635416666667 0.0556640625 0.08203125
