0 0.06640625 0.7748251748251749 0.0703125 0.11188811188811189
0 0.0693359375 0.9265734265734266 0.076171875 0.11048951048951049
0 0.2001953125 0.27132867132867133 0.27734375 0.46153846153846156
0 0.20947265625 0.9237762237762238 0.0771484375 0.13846153846153847
0 0.21240234375 0.7692307692307693 0.0751953125 0.13426573426573427
0 0.388671875 0.34335664335664334 0.306640625 0.47412587412587415
0 0.35546875 0.9272727272727272 0.080078125 0.12027972027972028
0 0.359375 0.7692307692307693 0.076171875 0.11468531468531469
0 0.49609375 0.9272727272727272 0.078125 0.13426573426573427
0 0.50146484375 0.7706293706293706 0.0810546875 0.12867132867132866
0 0.64111328125 0.76993006993007 0.0712890625 0.11328671328671329
0 0.6435546875 0.9265734265734266 0.0703125 0.11328671328671329
0 0.78759765625 0.7727272727272727 0.0908203125 0.11888111888111888
0 0.787109375 0.9251748251748252 0.0859375 0.11608391608391608
0 0.92822265625 0.7734265734265734 0.1005859375 0.1006993006993007
0 0.93212890625 0.9307692307692308 0.1005859375 0.08251748251748252
