0 0.024739583333333332 0.01806640625 0.049479166666666664 0.0361328125
0 0.026041666666666668 0.6787109375 0.052083333333333336 0.208984375
0 0.068359375 0.09033203125 0.08203125 0.0908203125
0 0.13020833333333334 0.3916015625 0.20052083333333334 0.1953125
0 0.107421875 0.20361328125 0.07421875 0.0927734375
0 0.15364583333333334 0.0224609375 0.06510416666666667 0.044921875
0 0.21744791666666666 0.67724609375 0.16927083333333334 0.2041015625
0 0.208984375 0.09423828125 0.07161458333333333 0.0927734375
0 0.265625 0.208984375 0.06510416666666667 0.095703125
0 0.2884114583333333 0.021484375 0.061197916666666664 0.04296875
0 0.3776041666666667 0.3916015625 0.19270833333333334 0.1953125
0 0.3489583333333333 0.09423828125 0.07291666666666667 0.0888671875
0 0.421875 0.2119140625 0.06770833333333333 0.095703125
0 0.4700520833333333 0.67578125 0.15104166666666666 0.203125
0 0.4283854166666667 0.02392578125 0.0625 0.0478515625
0 0.4967447916666667 0.09326171875 0.06901041666666667 0.0908203125
0 0.6061197916666666 0.3896484375 0.18619791666666666 0.19140625
0 0.5690104166666666 0.0224609375 0.06510416666666667 0.044921875
0 0.5768229166666666 0.2119140625 0.06770833333333333 0.095703125
0 0.6438802083333334 0.09619140625 0.07942708333333333 0.0927734375
0 0.744140625 0.6689453125 0.19921875 0.216796875
0 0.6959635416666666 0.0244140625 0.061197916666666664 0.046875
0 0.7369791666666666 0.20947265625 0.07552083333333333 0.0947265625
0 0.8411458333333334 0.39111328125 0.20052083333333334 0.1962890625
0 0.798828125 0.0888671875 0.07942708333333333 0.095703125
0 0.8365885416666666 0.0205078125 0.06380208333333333 0.041015625
0 0.9010416666666666 0.20703125 0.07552083333333333 0.091796875
0 0.9479166666666666 0.669921875 0.1015625 0.21875
0 0.9453125 0.0947265625 0.08333333333333333 0.095703125
0 0.970703125 0.0205078125 0.055989583333333336 0.041015625
0 0.9837239583333334 0.39013671875 0.029947916666666668 0.1982421875
