0 0.19607843137254902 0.38232421875 0.19327731092436976 0.1552734375
0 0.055322128851540614 0.546875 0.10784313725490197 0.150390625
0 0.12955182072829133 0.546875 0.10224089635854341 0.13671875
0 0.20798319327731093 0.541015625 0.0938375350140056 0.130859375
0 0.2661064425770308 0.85302734375 0.14565826330532214 0.1533203125
0 0.26820728291316526 0.5390625 0.07983193277310924 0.1171875
0 0.3228291316526611 0.5361328125 0.06862745098039216 0.111328125
0 0.38375350140056025 0.53076171875 0.058823529411764705 0.1044921875
0 0.4264705882352941 0.53662109375 0.06022408963585434 0.0888671875
0 0.45448179271708683 0.5263671875 0.06302521008403361 0.095703125
0 0.5546218487394958 0.5263671875 0.06162464985994398 0.068359375
0 0.6477591036414566 0.89404296875 0.18907563025210083 0.1611328125
0 0.6057422969187675 0.52294921875 0.05182072829131653 0.0615234375
0 0.6561624649859944 0.53515625 0.06862745098039216 0.091796875
0 0.719187675070028 0.548828125 0.08263305322128851 0.119140625
0 0.8137254901960784 0.40380859375 0.1876750700280112 0.1767578125
0 0.7836134453781513 0.55029296875 0.08823529411764706 0.1298828125
0 0.8662464985994398 0.5537109375 0.09943977591036414 0.13671875
0 0.9453781512605042 0.55908203125 0.09803921568627451 0.1396484375
0 0.9901960784313726 0.580078125 0.01680672268907563 0.091796875
