0 0.568359375 0.7794759825327511 0.28125 0.3653566229985444
0 0.3193359375 0.5691411935953421 0.30078125 0.4395924308588064
0 0.24658203125 0.37700145560407566 0.0654296875 0.08442503639010189
0 0.306640625 0.34425036390101893 0.0546875 0.08005822416302766
0 0.37841796875 0.44541484716157204 0.0361328125 0.07860262008733625
0 0.37841796875 0.2918486171761281 0.0322265625 0.08879184861717612
0 0.41015625 0.27510917030567683 0.029296875 0.08151382823871907
0 0.49072265625 0.34934497816593885 0.0419921875 0.08442503639010189
0 0.54736328125 0.38064046579330424 0.0302734375 0.042212518195050945
0 0.66162109375 0.4468704512372635 0.0732421875 0.09315866084425037
