0 0.24755859375 0.44384765625 0.1708984375 0.2060546875
0 0.3330078125 0.20263671875 0.318359375 0.2705078125
0 0.265625 0.62890625 0.13671875 0.09765625
0 0.2666015625 0.5546875 0.123046875 0.06640625
0 0.45263671875 0.20849609375 0.1357421875 0.1982421875
0 0.61376953125 0.537109375 0.3408203125 0.2109375
0 0.625 0.69921875 0.28125 0.216796875
0 0.58740234375 0.3857421875 0.1279296875 0.197265625
0 0.58349609375 0.19140625 0.0732421875 0.1328125
0 0.65478515625 0.19677734375 0.1279296875 0.1904296875
0 0.72119140625 0.3828125 0.1552734375 0.1875
