0 0.1162109375 0.6840277777777778 0.0390625 0.1111111111111111
0 0.11865234375 0.5859375 0.0341796875 0.07118055555555555
0 0.14990234375 0.7890625 0.0439453125 0.1232638888888889
0 0.15771484375 0.6736111111111112 0.0439453125 0.09722222222222222
0 0.16455078125 0.5850694444444444 0.0361328125 0.08680555555555555
0 0.1962890625 0.7890625 0.044921875 0.1267361111111111
0 0.19775390625 0.5842013888888888 0.0322265625 0.07465277777777778
0 0.20458984375 0.6710069444444444 0.0439453125 0.10243055555555555
0 0.23046875 0.5677083333333334 0.0390625 0.0798611111111111
0 0.244140625 0.7821180555555556 0.046875 0.13020833333333334
0 0.2548828125 0.6553819444444444 0.056640625 0.11631944444444445
0 0.27001953125 0.5581597222222222 0.0439453125 0.08854166666666667
0 0.2822265625 0.7769097222222222 0.048828125 0.11979166666666667
0 0.29931640625 0.6527777777777778 0.0478515625 0.10416666666666667
0 0.30712890625 0.5598958333333334 0.0419921875 0.0920138888888889
0 0.32470703125 0.7647569444444444 0.0498046875 0.11979166666666667
0 0.34033203125 0.6458333333333334 0.0498046875 0.09027777777777778
0 0.3359375 0.5486111111111112 0.025390625 0.06944444444444445
0 0.369140625 0.7508680555555556 0.0546875 0.11979166666666667
0 0.37255859375 0.6354166666666666 0.0458984375 0.08333333333333333
0 0.40234375 0.7265625 0.0546875 0.11284722222222222
