0 0.64794921875 0.681640625 0.1123046875 0.12890625
0 0.02587890625 0.8587239583333334 0.0498046875 0.05859375
0 0.205078125 0.8424479166666666 0.046875 0.1171875
0 0.22021484375 0.685546875 0.0517578125 0.06901041666666667
0 0.25927734375 0.9869791666666666 0.0556640625 0.0234375
0 0.3095703125 0.58203125 0.0390625 0.0546875
0 0.32421875 0.7415364583333334 0.068359375 0.12890625
0 0.36865234375 0.9166666666666666 0.0888671875 0.1640625
0 0.39111328125 0.5065104166666666 0.0380859375 0.0390625
0 0.4375 0.6341145833333334 0.08203125 0.1171875
0 0.46826171875 0.4407552083333333 0.0380859375 0.02734375
0 0.51025390625 0.7942708333333334 0.1025390625 0.140625
0 0.54833984375 0.5390625 0.0791015625 0.09895833333333333
0 0.54345703125 0.3736979166666667 0.0263671875 0.03125
0 0.6328125 0.29296875 0.03125 0.028645833333333332
0 0.66650390625 0.4303385416666667 0.0849609375 0.09505208333333333
0 0.66650390625 0.2877604166666667 0.0400390625 0.0390625
0 0.7060546875 0.22395833333333334 0.048828125 0.041666666666666664
0 0.7724609375 0.3333333333333333 0.119140625 0.09895833333333333
0 0.75537109375 0.21158854166666666 0.0400390625 0.03515625
0 0.90576171875 0.4303385416666667 0.1376953125 0.11848958333333333
0 0.97265625 0.2845052083333333 0.052734375 0.09505208333333333
