0 0.7099609375 0.8724409448818897 0.1015625 0.1984251968503937
0 0.08544921875 0.42362204724409447 0.1591796875 0.2992125984251969
0 0.26171875 0.6622047244094488 0.125 0.27244094488188975
0 0.33984375 0.4125984251968504 0.02734375 0.05354330708661417
0 0.42041015625 0.4503937007874016 0.1474609375 0.08503937007874016
0 0.37158203125 0.3346456692913386 0.0263671875 0.08031496062992126
0 0.38671875 0.30708661417322836 0.025390625 0.07244094488188976
0 0.40283203125 0.27874015748031494 0.0341796875 0.06299212598425197
0 0.4228515625 0.2503937007874016 0.044921875 0.06929133858267716
0 0.474609375 0.22440944881889763 0.037109375 0.04251968503937008
0 0.53369140625 0.1141732283464567 0.0927734375 0.10551181102362205
0 0.5390625 0.7826771653543307 0.103515625 0.23937007874015748
0 0.56689453125 0.41732283464566927 0.1494140625 0.1763779527559055
0 0.69189453125 0.5362204724409448 0.1455078125 0.15590551181102363
0 0.73193359375 0.32047244094488186 0.0908203125 0.18425196850393702
0 0.849609375 0.28818897637795277 0.173828125 0.2204724409448819
